367.8
1053.0
1154.0
903.0
1172.0
853.0
656.0
837.0
950.0
497.0
857.0
1153.0
755.0
713.0
796.0
906.0
788.0
874.0
588.0
1259.0
1262.0
1053.0
1361.0
404.0
998.0
689.0
721.0
1150.0
1043.0
917.0
546.0
607.0
1364.0
731.0
1174.0
721.0
1141.0
824.0
806.0
841.0
796.0
1542.0
786.0
1301.0
1070.0
700.0
1266.0
1319.0
848.0
692.0
586.0
499.0
775.0
810.0
1146.0
1268.0
1031.0
357.0
839.0
1149.0
1846.0
1207.0
695.0
1059.0
921.0
715.0
672.0
845.0
954.0
1069.0
1181.0
963.0
741.0
1021.0
874.0
912.0
802.0
1416.0
872.0
750.0
620.0
528.0
816.0
1041.0
943.0
903.0
729.0
1031.0
696.0
926.0
909.0
1078.0
804.0
944.0
1054.0
538.0
1312.0
632.0
976.0
1008.0
870.0
778.0
680.0
732.0
854.0
484.0
1519.0
1108.0
1320.0
1399.0
822.0
735.0
1097.0
881.0
1014.0
709.0
654.0
1148.0
840.0
947.0
1346.0
1030.0
1040.0
784.0
940.0
709.0
871.0
1133.0
884.0
1229.0
1086.0
1279.0
1199.0
967.0
1013.0
633.0
1020.0
948.0
375.0
905.0
962.0
991.0
504.0
669.0
879.0
1053.0
1043.0
948.0
1092.0
1065.0
1074.0
871.0
855.0
827.0
895.0
525.0
901.0
1234.0
1027.0
1016.0
1068.0
601.0
1286.0
630.0
902.0
1005.0
1334.0
640.0
631.0
1039.0
746.0
882.0
772.0
911.0
450.0
531.0
1342.0
1292.0
1015.0
855.0
660.0
1021.0
707.0
957.0
962.0
941.0
881.0
962.0
740.0
701.0
1113.0
777.0
938.0
889.0
621.0
1284.0
981.0
745.0
1015.0
1160.0
1512.0
1396.0
1131.0
1164.0
1839.0
1806.0
1195.0
1680.0
1444.0
1913.0
1262.0
1739.0
995.0
1735.0
1250.0
1131.0
1705.0
1493.0
1069.0
1651.0
1408.0
1499.0
1126.0
1152.0
1100.0
1273.0
1734.0
1466.0
1550.0
1831.0
1714.0
1568.0
1107.0
1532.0
1257.0
1374.0
1496.0
1572.0
1616.0
1600.0
1475.0
1257.0
1586.0
1051.0
1967.0
1003.0
1525.0
1549.0
1271.0
1775.0
1445.0
2131.0
1421.0
1725.0
1619.0
1397.0
1482.0
1599.0
1642.0
1758.0
2189.0
1279.0
1525.0
1917.0
1409.0
1361.0
1190.0
2088.0
1364.0
1461.0
1488.0
1882.0
1604.0
1610.0
1561.0
1644.0
1550.0
1705.0
1363.0
1107.0
1455.0
1401.0
979.0
1246.0
1514.0
1258.0
1539.0
1396.0
1028.0
1647.0
987.0
1725.0
1363.0
1994.0
1223.0
1475.0
1738.0
1515.0
1747.0
1250.8
302.0
788.0000000000001
672.2000000000003
782.6000000000001
1788.0
1450.5
771.1999999999998
905.7
821.2
775.0
792.3999999999999
932.7
1292.1
709.4
27.5
886.2
940.5
767.9
936.2
1439.1999999999998
830.9999999999999
900.3
788.3
1163.4
1280.9
947.8999999999999
1254.3999999999999
901.4999999999999
748.6
710.8000000000001
979.0
630.9000000000001
70.1
1234.6999999999998
816.9
100.7
203.6
536.3000000000001
808.6
762.2
727.3
1109.6999999999998
1057.5
986.6999999999999
736.6000000000001
934.1999999999999
1010.3
1240.2
1412.9
739.4999999999999
940.7
634.9000000000001
607.6999999999999
564.0
594.7
663.3
840.7
607.9
569.2
655.3
918.0
933.7999999999997
932.4
1084.1
961.9000000000001
757.0000000000001
776.8
681.1
746.9999999999999
981.4999999999999
843.5999999999999
639.2
876.3000000000001
1098.1
890.1
859.5
1090.1999999999998
879.9
769.4
950.5999999999999
877.5
743.0999999999999
646.1
1631.6
804.5000000000001
1013.0
1131.9
712.5
1075.3999999999999
1345.0
647.0999999999999
1087.2
1691.8
850.2
636.7
772.4
1321.3
719.6999999999999
799.1
746.6999999999999
802.2
1027.3
1012.3
951.1999999999999
800.6
695.1
958.5999999999999
662.1000000000001
811.8000000000001
816.3000000000001
633.3
750.5999999999999
438.8
1008.9
928.2999999999997
796.5
604.1
645.9
696.8000000000001
868.8000000000001
664.9
817.3
1083.6
1007.6
1080.5
828.5999999999999
954.5000000000001
777.4000000000001
712.0999999999999
1327.0
660.8000000000001
841.5
808.4000000000001
756.9000000000001
742.2
676.6
1770.0
854.7
815.1
848.0999999999999
837.1000000000001
902.3
639.0
596.1999999999999
615.0999999999999
1009.6
931.0
680.2
873.9000000000001
753.0
854.2
974.8
751.1999999999999
743.0000000000001
1037.9
762.0
700.5
1070.7
710.4000000000001
690.8
571.0
896.3
641.7
958.4000000000001
1100.8999999999999
637.8000000000001
742.5999999999999
749.8
664.9000000000001
689.9000000000001
793.1999999999999
923.9
624.2
821.3
898.3
951.1999999999999
751.5
794.0
962.5999999999999
1131.7
841.6999999999998
1088.0
856.1
777.5
800.2
936.5999999999999
694.3
725.4
807.5
1017.4
855.0000000000001
813.7
1566.2
563.3
548.4
789.8
603.9
1049.3
675.1
588.8000000000001
645.6
764.7
931.9
921.8
697.9
762.9
628.0
797.9999999999999
836.6
1017.0999999999999
1003.2
1042.3000000000002
679.0
769.3
845.5
743.4
652.4
794.6000000000001
805.0
833.2
969.3000000000001
809.3
1003.1
946.5
634.8
737.9
1196.3
689.6999999999999
766.8
752.3
659.6
614.8000000000001
830.8
795.0999999999999
681.0999999999999
626.8
1113.4000000000005
1027.3999999999999
738.8000000000001
739.0
824.8
614.5
582.1
747.2
839.1
826.8000000000001
631.4000000000001
603.4000000000001
726.2
744.1
564.4
689.0
1759.2
614.0999999999999
1503.8
868.1999999999999
620.5
830.8000000000001
1138.6000000000001
708.6
773.9000000000001
838.8000000000001
836.1999999999999
1132.3999999999999
702.3000000000001
659.2
638.0
744.8000000000001
985.1
509.1
743.0999999999999
979.8
775.8000000000001
686.3
2272.6000000000004
718.2
1148.6999999999998
765.6999999999999
710.7
960.0000000000001
716.7
674.0
892.8000000000001
1025.6
851.4
705.1999999999999
715.3
704.0
689.4
707.1999999999999
737.1
741.9999999999999
643.6
940.3
841.7
825.8000000000001
569.0999999999999
777.3
1116.8000000000002
710.5
911.0999999999999
521.9000000000001
862.5999999999999
652.0
1418.1999999999998
895.5999999999999
723.5000000000001
726.6
707.1
1179.0
718.8000000000002
826.9
1338.3
1011.8999999999999
928.5
932.3000000000001
789.7999999999993
862.7
1093.1
884.9999999999999
1181.8999999999999
67.1
340.0
888.5
1203.4
894.8
608.2
1027.4
997.8
824.8
701.4000000000001
832.1999999999999
755.0000000000001
976.6000000000001
715.2
1274.199999999999
1123.7999999999997
830.8
767.5000000000001
910.9999999999999
663.1999999999999
655.5999999999999
770.0000000000001
552.8999999999996
740.0
641.4
573.5999999999999
579.0
685.9
1137.0
1225.4
858.3
719.0
716.2
814.5000000000001
838.6999999999999
693.4
901.0
895.0000000000001
903.6
703.1999999999998
568.1
537.7
505.1
726.0000000000001
683.1
622.4000000000001
658.5999999999999
910.1
726.4
644.7
675.5999999999999
979.1
538.9000000000001
927.4000000000001
826.8000000000001
765.6000000000001
914.7
678.5
1039.3999999999999
703.5
670.8
680.7
707.9
787.6
864.7
926.0
851.4
828.0
752.6
715.0
832.0
1076.6
931.9000000000001
813.6
732.9000000000001
661.3
907.1999999999999
741.9999999999999
898.0
743.3
687.6
905.4999999999999
763.7
903.5
775.3
761.3000000000001
737.5
665.3000000000001
729.5
1187.7
992.6000000000001
910.8999999999999
639.0999999999999
761.4
522.5
714.3000000000001
796.7
715.0
506.0999999999999
899.0000000000001
850.2
788.0
1334.7
619.1999999999998
680.8
642.6
752.9
945.1999999999999
1649.0
951.8999999999999
1220.0
677.0999999999999
616.0
607.6
695.1
672.6999999999999
946.2
660.2
575.8
672.7000000000007
845.7
649.9
625.5
633.3
691.0
672.8
1334.1
1069.8999999999999
829.7
725.4
540.0
704.7
683.7
610.9
570.0999999999999
676.8
602.1
741.4
593.0
483.9000000000001
580.3
585.3999999999999
622.0
539.6999999999999
598.1999999999999
613.0
498.2
725.0
322.40000000000003
1339.2
709.7
794.9
847.9
825.4000000000001
1022.9000000000001
1121.7
838.3
1155.2
685.5
560.2
1254.6
603.0
544.9
604.0999999999999
587.3
488.40000000000003
535.9000000000001
541.3000000000001
519.8000000000001
458.8
505.6
631.1999999999999
529.5
503.19999999999993
547.8000000000001
544.2
569.5999999999999
599.5
530.8
603.7
586.7
566.2
517.9
585.1
559.1999999999999
745.5
633.0999999999999
792.1
854.3
736.5
826.1999999999999
886.7
979.7
997.8999999999999
837.4000000000001
771.5999999999999
550.7
987.4999999999999
718.5
791.5
1623.6
666.8
1000.9000000000001
944.3
618.3
817.3000000000001
662.7
645.4000000000001
746.2
806.0000000000001
687.3999999999999
717.5
1311.1
770.0
1720.8999999999999
756.0999999999999
1154.1999999999998
747.4000000000001
529.7
629.9
661.4
1147.7
810.1
691.0999999999999
789.0
815.9000000000001
1149.5
1326.8999999999999
2138.6
672.5999999999999
857.5999999999999
869.3999999999999
908.6000000000001
1056.9
658.5
812.4000000000001
886.8
838.5
777.5
931.1
892.3000000000001
739.2
692.5
933.5
782.6999999999999
871.0
744.1
795.1
514.4000000000005
708.5
900.3
789.4999999999999
995.5
1047.8000000000002
687.5999999999999
679.5
797.7
775.8
660.8
762.1
586.4
678.1999999999999
633.1000000000001
722.5
1474.6
746.0999999999999
859.0
804.4
979.3000000000001
950.8
953.3
644.6
784.0
633.9999999999999
785.9000000000001
835.4999999999999
1029.6
856.0
898.2
891.4000000000001
1047.9
803.4
579.0999999999999
919.4999999999999
716.0
988.2000000000003
672.5999999999999
1035.2
710.5999999999999
1154.6999999999998
732.6999999999999
799.2
853.8000000000001
946.9
944.0
874.5
888.3000000000001
901.9000000000001
863.9
1182.0
567.8000000000002
808.0999999999995
749.5999999999999
633.3
989.6
861.0999999999999
804.5
1095.3999999999999
698.9
779.8999999999999
937.3
902.8
792.8
821.3
714.8000000000001
1685.1000000000004
1004.0999999999999
758.7
780.8
645.7
609.7
747.1999999999999
1308.4
1013.1000000000004
874.8000000000001
1250.9
873.5
857.4
797.0
783.1
861.2
905.3000000000001
1074.8000000000002
890.6999999999999
912.6
767.2
679.7
857.0000000000001
689.8
590.0
747.0999999999999
634.4000000000015
770.0
813.6999999999999
684.7
937.4000000000001
759.5999999999999
951.9999999999999
707.4
700.6
745.6999999999999
854.8000000000001
654.1
714.1
649.1
812.8999999999996
689.4
825.8
1081.1
886.8999999999999
707.7
1101.0
1431.4000000000015
856.5
724.0
651.9
720.9
694.8
718.8
661.6
675.0
782.0
606.0999999999999
505.9
681.5
813.9000000000001
768.5
921.2
748.2
745.8
1046.0
859.5999999999999
960.9000000000001
859.6
607.0
1262.5
893.2
699.2
645.6999999999998
703.9
643.6
1032.8
1065.5
713.2
839.8
744.1000000000004
1481.6
829.1999999999999
886.5
678.2
603.5999999999999
757.6000000000001
767.5
588.2
745.7
1133.9
1380.0
471.79999999999995
620.4000000000001
907.8000000000001
1302.0
628.1
811.0
1179.1
974.3000000000002
1315.9
718.3000000000001
861.7
905.6999999999999
675.1999999999999
853.8
789.8
686.9
623.7
689.3
1844.9
743.7
746.7999999999993
612.9
800.6999999999999
750.3000000000001
885.4
578.2
843.6999999999999
727.7
734.9000000000001
773.0999999999999
697.6
661.8000000000001
685.3
1846.7000000000003
753.0
623.9000000000001
945.6999999999999
666.6
388.8
811.0
699.3000000000001
598.0999999999999
738.2
631.5
721.5999999999999
725.4
914.6999999999999
848.0
740.8
1153.8
682.4000000000001
726.1
829.1
593.2
516.5
790.3
641.7
757.8000000000001
756.8000000000001
877.4
896.1999999999999
770.5
755.6999999999999
859.4000000000001
1008.8
686.4
1082.8
737.5999999999999
807.5
948.4000000000005
823.5
788.3999999999999
751.7
355.0
719.1
929.4
850.2
750.9
817.5
924.0999999999999
889.0999999999999
821.9000000000001
634.0999999999999
560.0
929.9000000000001
710.2
678.2000000000003
911.7
757.3999999999996
533.3
572.5
768.9999999999998
692.5
633.8999999999999
819.8999999999999
605.2
644.0999999999999
373.8
2.0
252.4
305.5
9.9
2.9
3.1
3.0
2.9
2.9
2.9
2.9
2.9
2.9
3.2
3.2
3.2
3.2
3.2
0.1
0.2
7.9
7.9
11.0
6.1
11.0
25.4
19.4
35.2
10.8
14.5
5.0
4.5
2.9
5.0
5.0
6.3
3.9
5.7
3.1999999999999997
5.0
3.1
5.9
9.2
3.9999999999999996
2.9
3.4
3.5
6.7
5.5
5.1
1.4
13.8
0.2
9.4
45.6
15.4
6.5
29.9
29.9
5.2
9.9
9.9
9.9
10.0
9.9
5.2
10.0
9.9
19.7
10.0
10.0
10.0
